# IF ES has to generate embedding and search together
GET document/_search
{
  "knn": {
    "field": "embedding",
    "query_vector_builder": {
      "text_embedding": {
        "model_id": "sentence-transformers__all-mpnet-base-v2",
        "model_text": "string to be searched for similarity"
      }
    },
    "k": 10,
    "num_candidates": 100,
    "filter": {
      "match": {
        "content": "exports"
      }
    }
  },
  "_source": [
    "_split_id",
    "content"
  ]
}



# Sending the vector in query makes it much faster
GET document/_search
{
  "knn": {
    "field": "embedding",
    "query_vector": [
            -0.015318386256694794,
            0.06506327539682388,
            -0.022146351635456085,
            0.019500117748975754,
            0.039422329515218735,
            -0.02387823723256588,
            0.03201254457235336,
            0.0026341951452195644,
            -0.022258466109633446,
            0.02453635260462761,
            0.0439712218940258,
            0.037321917712688446,
            0.027059180662035942,
            0.11178021878004074,
            0.016794195398688316,
            -0.0034592675510793924,
            0.055287644267082214,
            0.001165261142887175,
            -0.03020239621400833,
            0.013023649342358112,
            -0.043203312903642654,
            -0.012447452172636986,
            0.025690170004963875,
            0.014026903547346592,
            0.01850411854684353,
            0.05112694948911667,
            0.009619805961847305,
            -0.03164980188012123,
            -0.030545277521014214,
            -0.0671704038977623,
            0.07204771786928177,
            -0.03029651939868927,
            0.02600562572479248,
            -0.021810879930853844,
            0.0000021691796519007767,
            -0.03415147215127945,
            -0.03926188126206398,
            0.009265411645174026,
            -0.015606241300702095,
            0.09160714596509933,
            -0.012153408490121365,
            -0.024163151159882545,
            -0.026689624413847923,
            0.026896273717284203,
            0.00248833280056715,
            -0.05940822511911392,
            0.037472620606422424,
            -0.02192813716828823,
            -0.030669717118144035,
            0.014946823939681053,
            0.008060847409069538,
            0.019071565940976143,
            -0.05906381830573082,
            -0.019237736240029335,
            0.03032601624727249,
            0.0278474148362875,
            -0.018351159989833832,
            -0.0017189722275361419,
            0.0041807424277067184,
            0.017170129343867302,
            -0.04065627232193947,
            0.011438458226621151,
            0.035271115601062775,
            -0.00915820524096489,
            -0.00614243745803833,
            0.049158863723278046,
            -0.0032485804986208677,
            -0.033251482993364334,
            0.03365448862314224,
            0.023062657564878464,
            0.09634970873594284,
            -0.024614332243800163,
            0.04106663912534714,
            0.017941530793905258,
            -0.03793250024318695,
            -0.03646978363394737,
            -0.01360967569053173,
            -0.008738336153328419,
            -0.00454259617254138,
            -0.00922689400613308,
            0.07636404782533646,
            0.05143658444285393,
            -0.025396795943379402,
            0.030645426362752914,
            -0.03155996650457382,
            0.0007310541113838553,
            0.001959665911272168,
            -0.02117058075964451,
            0.0356319397687912,
            -0.06912095844745636,
            0.006272701546549797,
            -0.04643455892801285,
            0.02090328559279442,
            0.012024179100990295,
            0.010350755415856838,
            -0.009619108401238918,
            0.043452076613903046,
            -0.05235205590724945,
            0.05179445073008537,
            -0.02915196307003498,
            -0.026575198397040367,
            0.06220631301403046,
            -0.043420013040304184,
            0.017275290563702583,
            -0.04681886360049248,
            0.058699168264865875,
            -0.028888607397675514,
            0.014366506598889828,
            -0.003773187519982457,
            0.041517917066812515,
            -0.009978026151657104,
            -0.02157873474061489,
            0.00034178534406237304,
            0.00953235849738121,
            0.0015912108356133103,
            0.034599605947732925,
            0.000580016290768981,
            -0.04203704372048378,
            -0.07943874597549438,
            -0.0024000462144613266,
            0.10024774819612503,
            -0.004713984206318855,
            -0.06060163676738739,
            0.018650099635124207,
            -0.010471667163074017,
            0.12994857132434845,
            -0.07051298767328262,
            0.018880419433116913,
            0.04739668220281601,
            -0.041189514100551605,
            -0.05693627893924713,
            -0.03608698397874832,
            0.03592279180884361,
            -0.03155837580561638,
            0.006689190864562988,
            0.00793566182255745,
            -0.014029259793460369,
            0.019846288487315178,
            0.016527235507965088,
            -0.020642198622226715,
            0.0035218538250774145,
            -0.02355126291513443,
            -0.03739837557077408,
            0.03165576606988907,
            0.0025983243249356747,
            -0.04460080340504646,
            0.05221307650208473,
            0.03184019774198532,
            -0.0008022781112231314,
            0.03823757916688919,
            -0.014452624134719372,
            -0.022562498226761818,
            0.0004137549258302897,
            -0.0017485987627878785,
            -0.0007233991054818034,
            0.032867781817913055,
            0.01625114120543003,
            -0.03545108810067177,
            -0.003108189906924963,
            0.0038689959328621626,
            -0.03580354526638985,
            -0.025268549099564552,
            -0.03161468729376793,
            -0.03322751075029373,
            -0.007602700497955084,
            0.023843055590987206,
            -0.03614411503076553,
            -0.02530110813677311,
            0.001271293149329722,
            -0.03845472261309624,
            0.07621224224567413,
            -0.04931534826755524,
            -0.03145290166139603,
            0.01096340175718069,
            0.07495622336864471,
            -0.029933642596006393,
            -0.04893966019153595,
            -0.026398714631795883,
            0.029606953263282776,
            0.022259734570980072,
            -0.03435580059885979,
            -0.07396449893712997,
            0.011316322721540928,
            -0.030562201514840126,
            -0.0725550502538681,
            0.025615831837058067,
            -0.020108280703425407,
            -0.000860186293721199,
            0.007636426016688347,
            -0.03495878726243973,
            0.04418167844414711,
            0.022857552394270897,
            0.01784725859761238,
            0.02299352176487446,
            0.04293457418680191,
            0.02652144618332386,
            0.04723604768514633,
            0.01562800258398056,
            -0.0216180719435215,
            -0.02371467836201191,
            -0.000300932937534526,
            0.03751986101269722,
            0.0435231551527977,
            -0.03159549459815025,
            -0.01873011514544487,
            -0.016643058508634567,
            -0.024395043030381203,
            0.018815426155924797,
            0.02361263521015644,
            0.01417531818151474,
            -0.003330872394144535,
            0.007526349741965532,
            -0.01468227244913578,
            0.04851992055773735,
            0.005764747504144907,
            -0.005653830245137215,
            -0.010263968259096146,
            -0.02222663164138794,
            -0.032624512910842896,
            0.038684818893671036,
            0.005054011940956116,
            -0.02484152652323246,
            0.029841195791959763,
            0.01909962110221386,
            0.045737896114587784,
            0.023178644478321075,
            -0.0000880854859133251,
            -0.0059194061905145645,
            0.011990769766271114,
            0.002896223682910204,
            0.009738746099174023,
            0.0034687707666307688,
            0.010238852351903915,
            -0.027118941769003868,
            -0.007410048507153988,
            0.0530390739440918,
            0.0919097438454628,
            0.09020182490348816,
            0.01284192968159914,
            -0.0036455688532441854,
            -0.04242050647735596,
            -0.02941719815135002,
            0.03490303084254265,
            -0.022081684321165085,
            -0.03342663496732712,
            0.027034301310777664,
            -0.007722890470176935,
            -0.04511505737900734,
            0.01689719967544079,
            -0.005283819977194071,
            0.0180487260222435,
            0.036010392010211945,
            0.02074911631643772,
            0.006410183850675821,
            0.03952562063932419,
            -0.06150805577635765,
            -0.0738086998462677,
            0.01469482947140932,
            -0.011616786010563374,
            0.067915178835392,
            0.030351951718330383,
            -0.03459549695253372,
            -0.04730745777487755,
            -0.008643683046102524,
            0.05233003571629524,
            -0.07003599405288696,
            0.06293398886919022,
            0.011162206530570984,
            0.035274967551231384,
            -0.022738320752978325,
            0.006147624459117651,
            0.011161092668771744,
            -0.007611407898366451,
            0.0006978632300160825,
            0.021118981763720512,
            0.019805166870355606,
            0.04678547754883766,
            -0.01449846662580967,
            0.012588213197886944,
            0.021630985662341118,
            0.03759896010160446,
            0.0021295573096722364,
            0.019285090267658234,
            0.023008335381746292,
            -0.01712692156434059,
            0.05427545681595802,
            0.025156252086162567,
            -0.013685612939298153,
            -0.014858693815767765,
            -0.01125840563327074,
            0.0202037263661623,
            -0.0023985407315194607,
            -0.04268871247768402,
            -0.04086703062057495,
            -0.07066679000854492,
            -0.023623216897249222,
            -0.05848659947514534,
            -0.0036079715937376022,
            0.022073425352573395,
            0.02824859879910946,
            0.002062248531728983,
            -0.03593219816684723,
            -0.06831374019384384,
            0.04248810186982155,
            -0.0014342039357870817,
            0.07098150998353958,
            0.018759336322546005,
            -0.030805537477135658,
            0.013739409856498241,
            0.02580292709171772,
            -0.0011392958695068955,
            0.036294180899858475,
            0.04638378322124481,
            0.026248520240187645,
            -0.027462612837553024,
            -0.03986401855945587,
            -0.04666583985090256,
            0.013421562500298023,
            0.022704249247908592,
            0.06767664849758148,
            0.03058473952114582,
            -0.035597000271081924,
            -0.04439198225736618,
            -0.005535617005079985,
            -0.026659628376364708,
            0.026283925399184227,
            -0.04032786190509796,
            0.00013404559285845608,
            -0.00764942541718483,
            -0.007809103466570377,
            -0.023951636627316475,
            0.017491711303591728,
            0.008962160907685757,
            0.025946710258722305,
            0.058805279433727264,
            -0.07508855313062668,
            0.007580571807920933,
            -0.03332060948014259,
            -0.02110757678747177,
            -0.004289331845939159,
            -0.0617336705327034,
            -0.006416508462280035,
            0.013884901069104671,
            -0.07248765975236893,
            0.0328274741768837,
            -0.003093905048444867,
            0.039955805987119675,
            -0.023344876244664192,
            0.015442190691828728,
            0.019408443942666054,
            0.03527901694178581,
            0.0018211387796327472,
            -0.011394365690648556,
            -0.004857948515564203,
            0.008035429753363132,
            -0.02023073472082615,
            -0.062258828431367874,
            -0.034657321870326996,
            -0.06696873158216476,
            -0.015081886202096939,
            -0.006500476039946079,
            -0.01666121557354927,
            -0.048129621893167496,
            -0.020988399162888527,
            0.025691887363791466,
            0.10853900015354156,
            -0.018599824979901314,
            0.006463479250669479,
            0.043980006128549576,
            -0.026187874376773834,
            0.006149435415863991,
            -0.013715148903429508,
            -0.03207077458500862,
            0.007153717800974846,
            -0.032556433230638504,
            0.03086395375430584,
            0.009985127486288548,
            0.010386458598077297,
            0.02494615875184536,
            0.010421354323625565,
            0.04835818335413933,
            -0.02636413462460041,
            0.07403507083654404,
            0.006671259179711342,
            -0.029133591800928116,
            -0.06828654557466507,
            -0.06512490659952164,
            -0.12122176587581635,
            -0.07804515212774277,
            0.005009537562727928,
            -0.02059123106300831,
            -0.00817343033850193,
            -0.029036113992333412,
            -0.0023569047916680574,
            0.012668638490140438,
            -0.049700599163770676,
            -0.027357039973139763,
            -0.01514965109527111,
            -0.0014303731732070446,
            0.03930481895804405,
            0.035925183445215225,
            -0.09462358802556992,
            0.018765762448310852,
            0.0031559914350509644,
            0.014625770971179008,
            -0.017780575901269913,
            -0.02869764342904091,
            -0.004349829163402319,
            -0.048849474638700485,
            -0.03664224222302437,
            0.020296575501561165,
            -0.04662913829088211,
            -0.022203441709280014,
            -0.0022876316215842962,
            0.026123186573386192,
            0.039881449192762375,
            -0.04177771881222725,
            0.04938743636012077,
            -0.014565445482730865,
            -0.006403451785445213,
            -0.030244208872318268,
            0.032063078135252,
            0.016864962875843048,
            0.021407531574368477,
            -0.03402666002511978,
            0.06122821569442749,
            0.025395289063453674,
            0.008932161144912243,
            -0.026779809966683388,
            0.029226627200841904,
            -0.001734981662593782,
            -0.01657741889357567,
            -0.031101373955607414,
            -0.052097856998443604,
            -0.08368797600269318,
            0.07909829169511795,
            0.037714388221502304,
            -0.05156761407852173,
            -0.06615877151489258,
            0.015125810168683529,
            -0.007536434568464756,
            0.043875183910131454,
            0.0415986031293869,
            0.006313811056315899,
            0.01752515509724617,
            0.057011865079402924,
            0.02105308324098587,
            0.062454450875520706,
            -0.02174169383943081,
            -0.013276990503072739,
            0.008509477600455284,
            -0.008529238402843475,
            -0.017505165189504623,
            0.010589736513793468,
            0.0488751195371151,
            -0.005517966113984585,
            0.003937341272830963,
            -0.08757499605417252,
            -0.01662927120923996,
            -0.002404450671747327,
            0.016055617481470108,
            0.03217151015996933,
            -0.031711697578430176,
            0.014426270499825478,
            0.040389418601989746,
            -0.007086488418281078,
            0.053829338401556015,
            0.05289744585752487,
            0.0009382041171193123,
            0.013264796696603298,
            -0.05954154580831528,
            0.015063023194670677,
            -0.028513839468359947,
            0.06880757957696915,
            0.005780383944511414,
            0.025028230622410774,
            0.038273777812719345,
            -0.0156779233366251,
            -0.019164159893989563,
            0.036865636706352234,
            -0.0018525621853768826,
            0.0005576308467425406,
            0.011440478265285492,
            -0.00170041189994663,
            -0.008976107463240623,
            0.024846402928233147,
            0.03154817596077919,
            -0.020225992426276207,
            -0.018115250393748283,
            -0.04193662479519844,
            0.006418017204850912,
            0.0130363954231143,
            0.0067570749670267105,
            0.09261663258075714,
            0.05457980930805206,
            0.03410625457763672,
            0.023783475160598755,
            0.02257595770061016,
            -0.028746336698532104,
            0.03948206827044487,
            -0.028846589848399162,
            0.03724004700779915,
            0.032429080456495285,
            -0.07309502363204956,
            0.03782273828983307,
            0.06014643609523773,
            0.02595268189907074,
            0.02481819875538349,
            0.004734842572361231,
            -0.006037615705281496,
            0.018130481243133545,
            0.04788661748170853,
            -0.005468645133078098,
            -0.023160245269536972,
            0.006175118498504162,
            0.00046253783511929214,
            -0.048546213656663895,
            -0.05810999125242233,
            -0.009038034826517105,
            0.0029319257009774446,
            0.00350337871350348,
            0.010509642772376537,
            0.07598964869976044,
            -0.04102828726172447,
            0.026457980275154114,
            -0.023594459518790245,
            -0.01818021573126316,
            -0.014708947390317917,
            -0.006388528272509575,
            0.047148022800683975,
            -0.0006424239836633205,
            -0.042487725615501404,
            0.023442652076482773,
            0.04995306208729744,
            -0.026463594287633896,
            0.01875307783484459,
            0.022397901862859726,
            -0.048527393490076065,
            0.042197514325380325,
            -0.012933331541717052,
            0.0022193347103893757,
            -0.04710812866687775,
            0.025305747985839844,
            -0.00039226654917001724,
            0.00346938893198967,
            0.021923767402768135,
            -0.05365253984928131,
            -0.06182050332427025,
            0.005363808013498783,
            0.026461154222488403,
            0.05851804465055466,
            -0.05531946197152138,
            -0.04995907470583916,
            0.0059412033297121525,
            -0.004902366548776627,
            -6.490727891619394e-33,
            -0.04534241557121277,
            -0.06142238900065422,
            -0.009106741286814213,
            0.009949840605258942,
            -0.04644063487648964,
            0.061469752341508865,
            -0.029151545837521553,
            -0.04120948538184166,
            -0.03699066489934921,
            -0.0010525655234232545,
            -0.06296303868293762,
            -0.02609235607087612,
            0.024298790842294693,
            0.00547513272613287,
            0.055149246007204056,
            -0.0001540540106361732,
            -0.004425243940204382,
            0.032072149217128754,
            0.005625263322144747,
            -0.048801496624946594,
            0.024794820696115494,
            0.013806305825710297,
            0.05799425393342972,
            0.06997933238744736,
            0.07304719090461731,
            0.0575563982129097,
            -0.05428668111562729,
            -0.02337673306465149,
            0.05578868091106415,
            -0.018325364217162132,
            0.006524812430143356,
            0.015419759787619114,
            0.05469851568341255,
            -0.02803010679781437,
            -0.06325878947973251,
            -0.0239003524184227,
            -0.002684644889086485,
            -0.07129661738872528,
            -0.023536441847682,
            -0.03894206881523132,
            0.02291102521121502,
            -0.028432732447981834,
            0.011652239598333836,
            0.04257868230342865,
            0.015701478347182274,
            -0.0003426132898312062,
            0.006693886127322912,
            -0.020278770476579666,
            -0.02306852675974369,
            0.020127125084400177,
            0.025793230161070824,
            -0.028751235455274582,
            -0.026196690276265144,
            0.11130663007497787,
            -0.0341043546795845,
            0.13962598145008087,
            -0.0059247370809316635,
            0.04548263922333717,
            -0.005316390190273523,
            -0.006948767229914665,
            0.03289036452770233,
            0.04646415635943413,
            0.01217079721391201,
            -0.012165436521172523,
            0.011695566587150097,
            -0.010221398435533047,
            -0.04607042670249939,
            0.0010747491614893079,
            0.018030699342489243,
            -0.03836692124605179,
            -0.019449492916464806,
            0.0062999483197927475,
            -0.05919971317052841,
            0.011576620861887932,
            0.029944244772195816,
            -0.06926973909139633,
            -0.01100923866033554,
            0.07704058289527893,
            -0.012317718006670475,
            0.0074233016930520535,
            -0.020924920216202736,
            -0.026127716526389122,
            0.054879963397979736,
            0.00793869886547327,
            -0.035150010138750076,
            0.02502969093620777,
            -0.002161748241633177,
            0.019078664481639862,
            0.0461885929107666,
            -0.010210777632892132,
            0.03746120259165764,
            -0.007432818412780762,
            0.00010463976650498807,
            0.011354531161487103,
            0.0016351306112483144,
            -0.04838990792632103,
            0.007229296490550041,
            -0.003612370463088155,
            -0.0074882241897284985,
            -0.03607940673828125,
            -0.006649300456047058,
            -0.0034463864285498857,
            -0.008739346638321877,
            0.04358216002583504,
            0.00628709839656949,
            -0.010752168484032154,
            0.040539029985666275,
            -0.0038215608801692724,
            -0.04932999610900879,
            -0.00831772480159998,
            -0.017739154398441315,
            -0.008045596070587635,
            0.015024502761662006,
            0.04694592207670212,
            -0.029436934739351273,
            -0.027133993804454803,
            -0.003056486137211323,
            -0.06461204588413239,
            0.042053867131471634,
            0.011574339121580124,
            -0.004142063204199076,
            -0.02734287641942501,
            -0.0013913860311731696,
            -0.008199411444365978,
            -0.038252562284469604,
            -0.022387756034731865,
            0.011978461407124996,
            0.06572137027978897,
            -0.03045140765607357,
            -0.017242826521396637,
            0.018177032470703125,
            0.0006521503673866391,
            2.852921454632451e-7,
            0.020819425582885742,
            -0.06661263108253479,
            -0.0005081921117380261,
            0.015857961028814316,
            -0.022910673171281815,
            -0.026686087250709534,
            -0.05590084567666054,
            0.07510776072740555,
            -0.05918101966381073,
            -0.003821692895144224,
            0.044689930975437164,
            -0.06016795337200165,
            0.017560118809342384,
            0.01430317759513855,
            -0.01768595352768898,
            -0.005784579552710056,
            -0.02147321216762066,
            -0.027539614588022232,
            -0.052989646792411804,
            0.0028643296100199223,
            0.017156699672341347,
            0.017558954656124115,
            -0.004906555637717247,
            -0.001082036062143743,
            0.017558615654706955,
            -0.039848025888204575,
            0.03967307135462761,
            -0.16457875072956085,
            -0.0300014428794384,
            -0.06078309565782547,
            0.035792089998722076,
            0.020725615322589874,
            -0.011820237152278423,
            -0.01750115305185318,
            -0.030908852815628052,
            -0.01868356764316559,
            -0.02070639468729496,
            -0.012380294501781464,
            0.03946683183312416,
            0.023412389680743217,
            -0.023858405649662018,
            -0.03666125237941742,
            0.0001961635862244293,
            -0.07450193911790848,
            -0.024519918486475945,
            0.04719563201069832,
            -0.03381377458572388,
            0.02123815007507801,
            0.01608157344162464,
            0.004971540067344904,
            0.019284378737211227,
            0.0034372720401734114,
            0.012430856004357338,
            0.022766219452023506,
            -0.0005132625810801983,
            -0.02077522687613964,
            0.01901939883828163,
            -0.021121907979249954,
            0.03394561633467674,
            -0.030375665053725243,
            -0.06541773676872253,
            -0.03979058191180229,
            -0.03895449638366699,
            0.0648985430598259,
            0.017073331400752068,
            0.06026852875947952,
            0.0041650207713246346,
            3.271331442538827e-34,
            -0.027578074485063553,
            -0.010754687711596489,
            0.026257349178195,
            -0.03235745429992676,
            0.017364535480737686,
            0.03831546753644943,
            0.01438536774367094,
            0.0029661294538527727,
            -0.043380897492170334,
            -0.05535799637436867,
            -0.004917387384921312
          ],
    "k": 10,
    "num_candidates": 100
  },
  "_source": [
    "_split_id",
    "content"
  ]
}


# Sending the vector (with filter context) but it is slower than above query speedtest
GET document/_search
{
  "knn": {
    "field": "embedding",
    "query_vector": [
            -0.015318386256694794,
            0.06506327539682388,
            -0.022146351635456085,
            0.019500117748975754,
            0.039422329515218735,
            -0.02387823723256588,
            0.03201254457235336,
            0.0026341951452195644,
            -0.022258466109633446,
            0.02453635260462761,
            0.0439712218940258,
            0.037321917712688446,
            0.027059180662035942,
            0.11178021878004074,
            0.016794195398688316,
            -0.0034592675510793924,
            0.055287644267082214,
            0.001165261142887175,
            -0.03020239621400833,
            0.013023649342358112,
            -0.043203312903642654,
            -0.012447452172636986,
            0.025690170004963875,
            0.014026903547346592,
            0.01850411854684353,
            0.05112694948911667,
            0.009619805961847305,
            -0.03164980188012123,
            -0.030545277521014214,
            -0.0671704038977623,
            0.07204771786928177,
            -0.03029651939868927,
            0.02600562572479248,
            -0.021810879930853844,
            0.0000021691796519007767,
            -0.03415147215127945,
            -0.03926188126206398,
            0.009265411645174026,
            -0.015606241300702095,
            0.09160714596509933,
            -0.012153408490121365,
            -0.024163151159882545,
            -0.026689624413847923,
            0.026896273717284203,
            0.00248833280056715,
            -0.05940822511911392,
            0.037472620606422424,
            -0.02192813716828823,
            -0.030669717118144035,
            0.014946823939681053,
            0.008060847409069538,
            0.019071565940976143,
            -0.05906381830573082,
            -0.019237736240029335,
            0.03032601624727249,
            0.0278474148362875,
            -0.018351159989833832,
            -0.0017189722275361419,
            0.0041807424277067184,
            0.017170129343867302,
            -0.04065627232193947,
            0.011438458226621151,
            0.035271115601062775,
            -0.00915820524096489,
            -0.00614243745803833,
            0.049158863723278046,
            -0.0032485804986208677,
            -0.033251482993364334,
            0.03365448862314224,
            0.023062657564878464,
            0.09634970873594284,
            -0.024614332243800163,
            0.04106663912534714,
            0.017941530793905258,
            -0.03793250024318695,
            -0.03646978363394737,
            -0.01360967569053173,
            -0.008738336153328419,
            -0.00454259617254138,
            -0.00922689400613308,
            0.07636404782533646,
            0.05143658444285393,
            -0.025396795943379402,
            0.030645426362752914,
            -0.03155996650457382,
            0.0007310541113838553,
            0.001959665911272168,
            -0.02117058075964451,
            0.0356319397687912,
            -0.06912095844745636,
            0.006272701546549797,
            -0.04643455892801285,
            0.02090328559279442,
            0.012024179100990295,
            0.010350755415856838,
            -0.009619108401238918,
            0.043452076613903046,
            -0.05235205590724945,
            0.05179445073008537,
            -0.02915196307003498,
            -0.026575198397040367,
            0.06220631301403046,
            -0.043420013040304184,
            0.017275290563702583,
            -0.04681886360049248,
            0.058699168264865875,
            -0.028888607397675514,
            0.014366506598889828,
            -0.003773187519982457,
            0.041517917066812515,
            -0.009978026151657104,
            -0.02157873474061489,
            0.00034178534406237304,
            0.00953235849738121,
            0.0015912108356133103,
            0.034599605947732925,
            0.000580016290768981,
            -0.04203704372048378,
            -0.07943874597549438,
            -0.0024000462144613266,
            0.10024774819612503,
            -0.004713984206318855,
            -0.06060163676738739,
            0.018650099635124207,
            -0.010471667163074017,
            0.12994857132434845,
            -0.07051298767328262,
            0.018880419433116913,
            0.04739668220281601,
            -0.041189514100551605,
            -0.05693627893924713,
            -0.03608698397874832,
            0.03592279180884361,
            -0.03155837580561638,
            0.006689190864562988,
            0.00793566182255745,
            -0.014029259793460369,
            0.019846288487315178,
            0.016527235507965088,
            -0.020642198622226715,
            0.0035218538250774145,
            -0.02355126291513443,
            -0.03739837557077408,
            0.03165576606988907,
            0.0025983243249356747,
            -0.04460080340504646,
            0.05221307650208473,
            0.03184019774198532,
            -0.0008022781112231314,
            0.03823757916688919,
            -0.014452624134719372,
            -0.022562498226761818,
            0.0004137549258302897,
            -0.0017485987627878785,
            -0.0007233991054818034,
            0.032867781817913055,
            0.01625114120543003,
            -0.03545108810067177,
            -0.003108189906924963,
            0.0038689959328621626,
            -0.03580354526638985,
            -0.025268549099564552,
            -0.03161468729376793,
            -0.03322751075029373,
            -0.007602700497955084,
            0.023843055590987206,
            -0.03614411503076553,
            -0.02530110813677311,
            0.001271293149329722,
            -0.03845472261309624,
            0.07621224224567413,
            -0.04931534826755524,
            -0.03145290166139603,
            0.01096340175718069,
            0.07495622336864471,
            -0.029933642596006393,
            -0.04893966019153595,
            -0.026398714631795883,
            0.029606953263282776,
            0.022259734570980072,
            -0.03435580059885979,
            -0.07396449893712997,
            0.011316322721540928,
            -0.030562201514840126,
            -0.0725550502538681,
            0.025615831837058067,
            -0.020108280703425407,
            -0.000860186293721199,
            0.007636426016688347,
            -0.03495878726243973,
            0.04418167844414711,
            0.022857552394270897,
            0.01784725859761238,
            0.02299352176487446,
            0.04293457418680191,
            0.02652144618332386,
            0.04723604768514633,
            0.01562800258398056,
            -0.0216180719435215,
            -0.02371467836201191,
            -0.000300932937534526,
            0.03751986101269722,
            0.0435231551527977,
            -0.03159549459815025,
            -0.01873011514544487,
            -0.016643058508634567,
            -0.024395043030381203,
            0.018815426155924797,
            0.02361263521015644,
            0.01417531818151474,
            -0.003330872394144535,
            0.007526349741965532,
            -0.01468227244913578,
            0.04851992055773735,
            0.005764747504144907,
            -0.005653830245137215,
            -0.010263968259096146,
            -0.02222663164138794,
            -0.032624512910842896,
            0.038684818893671036,
            0.005054011940956116,
            -0.02484152652323246,
            0.029841195791959763,
            0.01909962110221386,
            0.045737896114587784,
            0.023178644478321075,
            -0.0000880854859133251,
            -0.0059194061905145645,
            0.011990769766271114,
            0.002896223682910204,
            0.009738746099174023,
            0.0034687707666307688,
            0.010238852351903915,
            -0.027118941769003868,
            -0.007410048507153988,
            0.0530390739440918,
            0.0919097438454628,
            0.09020182490348816,
            0.01284192968159914,
            -0.0036455688532441854,
            -0.04242050647735596,
            -0.02941719815135002,
            0.03490303084254265,
            -0.022081684321165085,
            -0.03342663496732712,
            0.027034301310777664,
            -0.007722890470176935,
            -0.04511505737900734,
            0.01689719967544079,
            -0.005283819977194071,
            0.0180487260222435,
            0.036010392010211945,
            0.02074911631643772,
            0.006410183850675821,
            0.03952562063932419,
            -0.06150805577635765,
            -0.0738086998462677,
            0.01469482947140932,
            -0.011616786010563374,
            0.067915178835392,
            0.030351951718330383,
            -0.03459549695253372,
            -0.04730745777487755,
            -0.008643683046102524,
            0.05233003571629524,
            -0.07003599405288696,
            0.06293398886919022,
            0.011162206530570984,
            0.035274967551231384,
            -0.022738320752978325,
            0.006147624459117651,
            0.011161092668771744,
            -0.007611407898366451,
            0.0006978632300160825,
            0.021118981763720512,
            0.019805166870355606,
            0.04678547754883766,
            -0.01449846662580967,
            0.012588213197886944,
            0.021630985662341118,
            0.03759896010160446,
            0.0021295573096722364,
            0.019285090267658234,
            0.023008335381746292,
            -0.01712692156434059,
            0.05427545681595802,
            0.025156252086162567,
            -0.013685612939298153,
            -0.014858693815767765,
            -0.01125840563327074,
            0.0202037263661623,
            -0.0023985407315194607,
            -0.04268871247768402,
            -0.04086703062057495,
            -0.07066679000854492,
            -0.023623216897249222,
            -0.05848659947514534,
            -0.0036079715937376022,
            0.022073425352573395,
            0.02824859879910946,
            0.002062248531728983,
            -0.03593219816684723,
            -0.06831374019384384,
            0.04248810186982155,
            -0.0014342039357870817,
            0.07098150998353958,
            0.018759336322546005,
            -0.030805537477135658,
            0.013739409856498241,
            0.02580292709171772,
            -0.0011392958695068955,
            0.036294180899858475,
            0.04638378322124481,
            0.026248520240187645,
            -0.027462612837553024,
            -0.03986401855945587,
            -0.04666583985090256,
            0.013421562500298023,
            0.022704249247908592,
            0.06767664849758148,
            0.03058473952114582,
            -0.035597000271081924,
            -0.04439198225736618,
            -0.005535617005079985,
            -0.026659628376364708,
            0.026283925399184227,
            -0.04032786190509796,
            0.00013404559285845608,
            -0.00764942541718483,
            -0.007809103466570377,
            -0.023951636627316475,
            0.017491711303591728,
            0.008962160907685757,
            0.025946710258722305,
            0.058805279433727264,
            -0.07508855313062668,
            0.007580571807920933,
            -0.03332060948014259,
            -0.02110757678747177,
            -0.004289331845939159,
            -0.0617336705327034,
            -0.006416508462280035,
            0.013884901069104671,
            -0.07248765975236893,
            0.0328274741768837,
            -0.003093905048444867,
            0.039955805987119675,
            -0.023344876244664192,
            0.015442190691828728,
            0.019408443942666054,
            0.03527901694178581,
            0.0018211387796327472,
            -0.011394365690648556,
            -0.004857948515564203,
            0.008035429753363132,
            -0.02023073472082615,
            -0.062258828431367874,
            -0.034657321870326996,
            -0.06696873158216476,
            -0.015081886202096939,
            -0.006500476039946079,
            -0.01666121557354927,
            -0.048129621893167496,
            -0.020988399162888527,
            0.025691887363791466,
            0.10853900015354156,
            -0.018599824979901314,
            0.006463479250669479,
            0.043980006128549576,
            -0.026187874376773834,
            0.006149435415863991,
            -0.013715148903429508,
            -0.03207077458500862,
            0.007153717800974846,
            -0.032556433230638504,
            0.03086395375430584,
            0.009985127486288548,
            0.010386458598077297,
            0.02494615875184536,
            0.010421354323625565,
            0.04835818335413933,
            -0.02636413462460041,
            0.07403507083654404,
            0.006671259179711342,
            -0.029133591800928116,
            -0.06828654557466507,
            -0.06512490659952164,
            -0.12122176587581635,
            -0.07804515212774277,
            0.005009537562727928,
            -0.02059123106300831,
            -0.00817343033850193,
            -0.029036113992333412,
            -0.0023569047916680574,
            0.012668638490140438,
            -0.049700599163770676,
            -0.027357039973139763,
            -0.01514965109527111,
            -0.0014303731732070446,
            0.03930481895804405,
            0.035925183445215225,
            -0.09462358802556992,
            0.018765762448310852,
            0.0031559914350509644,
            0.014625770971179008,
            -0.017780575901269913,
            -0.02869764342904091,
            -0.004349829163402319,
            -0.048849474638700485,
            -0.03664224222302437,
            0.020296575501561165,
            -0.04662913829088211,
            -0.022203441709280014,
            -0.0022876316215842962,
            0.026123186573386192,
            0.039881449192762375,
            -0.04177771881222725,
            0.04938743636012077,
            -0.014565445482730865,
            -0.006403451785445213,
            -0.030244208872318268,
            0.032063078135252,
            0.016864962875843048,
            0.021407531574368477,
            -0.03402666002511978,
            0.06122821569442749,
            0.025395289063453674,
            0.008932161144912243,
            -0.026779809966683388,
            0.029226627200841904,
            -0.001734981662593782,
            -0.01657741889357567,
            -0.031101373955607414,
            -0.052097856998443604,
            -0.08368797600269318,
            0.07909829169511795,
            0.037714388221502304,
            -0.05156761407852173,
            -0.06615877151489258,
            0.015125810168683529,
            -0.007536434568464756,
            0.043875183910131454,
            0.0415986031293869,
            0.006313811056315899,
            0.01752515509724617,
            0.057011865079402924,
            0.02105308324098587,
            0.062454450875520706,
            -0.02174169383943081,
            -0.013276990503072739,
            0.008509477600455284,
            -0.008529238402843475,
            -0.017505165189504623,
            0.010589736513793468,
            0.0488751195371151,
            -0.005517966113984585,
            0.003937341272830963,
            -0.08757499605417252,
            -0.01662927120923996,
            -0.002404450671747327,
            0.016055617481470108,
            0.03217151015996933,
            -0.031711697578430176,
            0.014426270499825478,
            0.040389418601989746,
            -0.007086488418281078,
            0.053829338401556015,
            0.05289744585752487,
            0.0009382041171193123,
            0.013264796696603298,
            -0.05954154580831528,
            0.015063023194670677,
            -0.028513839468359947,
            0.06880757957696915,
            0.005780383944511414,
            0.025028230622410774,
            0.038273777812719345,
            -0.0156779233366251,
            -0.019164159893989563,
            0.036865636706352234,
            -0.0018525621853768826,
            0.0005576308467425406,
            0.011440478265285492,
            -0.00170041189994663,
            -0.008976107463240623,
            0.024846402928233147,
            0.03154817596077919,
            -0.020225992426276207,
            -0.018115250393748283,
            -0.04193662479519844,
            0.006418017204850912,
            0.0130363954231143,
            0.0067570749670267105,
            0.09261663258075714,
            0.05457980930805206,
            0.03410625457763672,
            0.023783475160598755,
            0.02257595770061016,
            -0.028746336698532104,
            0.03948206827044487,
            -0.028846589848399162,
            0.03724004700779915,
            0.032429080456495285,
            -0.07309502363204956,
            0.03782273828983307,
            0.06014643609523773,
            0.02595268189907074,
            0.02481819875538349,
            0.004734842572361231,
            -0.006037615705281496,
            0.018130481243133545,
            0.04788661748170853,
            -0.005468645133078098,
            -0.023160245269536972,
            0.006175118498504162,
            0.00046253783511929214,
            -0.048546213656663895,
            -0.05810999125242233,
            -0.009038034826517105,
            0.0029319257009774446,
            0.00350337871350348,
            0.010509642772376537,
            0.07598964869976044,
            -0.04102828726172447,
            0.026457980275154114,
            -0.023594459518790245,
            -0.01818021573126316,
            -0.014708947390317917,
            -0.006388528272509575,
            0.047148022800683975,
            -0.0006424239836633205,
            -0.042487725615501404,
            0.023442652076482773,
            0.04995306208729744,
            -0.026463594287633896,
            0.01875307783484459,
            0.022397901862859726,
            -0.048527393490076065,
            0.042197514325380325,
            -0.012933331541717052,
            0.0022193347103893757,
            -0.04710812866687775,
            0.025305747985839844,
            -0.00039226654917001724,
            0.00346938893198967,
            0.021923767402768135,
            -0.05365253984928131,
            -0.06182050332427025,
            0.005363808013498783,
            0.026461154222488403,
            0.05851804465055466,
            -0.05531946197152138,
            -0.04995907470583916,
            0.0059412033297121525,
            -0.004902366548776627,
            -6.490727891619394e-33,
            -0.04534241557121277,
            -0.06142238900065422,
            -0.009106741286814213,
            0.009949840605258942,
            -0.04644063487648964,
            0.061469752341508865,
            -0.029151545837521553,
            -0.04120948538184166,
            -0.03699066489934921,
            -0.0010525655234232545,
            -0.06296303868293762,
            -0.02609235607087612,
            0.024298790842294693,
            0.00547513272613287,
            0.055149246007204056,
            -0.0001540540106361732,
            -0.004425243940204382,
            0.032072149217128754,
            0.005625263322144747,
            -0.048801496624946594,
            0.024794820696115494,
            0.013806305825710297,
            0.05799425393342972,
            0.06997933238744736,
            0.07304719090461731,
            0.0575563982129097,
            -0.05428668111562729,
            -0.02337673306465149,
            0.05578868091106415,
            -0.018325364217162132,
            0.006524812430143356,
            0.015419759787619114,
            0.05469851568341255,
            -0.02803010679781437,
            -0.06325878947973251,
            -0.0239003524184227,
            -0.002684644889086485,
            -0.07129661738872528,
            -0.023536441847682,
            -0.03894206881523132,
            0.02291102521121502,
            -0.028432732447981834,
            0.011652239598333836,
            0.04257868230342865,
            0.015701478347182274,
            -0.0003426132898312062,
            0.006693886127322912,
            -0.020278770476579666,
            -0.02306852675974369,
            0.020127125084400177,
            0.025793230161070824,
            -0.028751235455274582,
            -0.026196690276265144,
            0.11130663007497787,
            -0.0341043546795845,
            0.13962598145008087,
            -0.0059247370809316635,
            0.04548263922333717,
            -0.005316390190273523,
            -0.006948767229914665,
            0.03289036452770233,
            0.04646415635943413,
            0.01217079721391201,
            -0.012165436521172523,
            0.011695566587150097,
            -0.010221398435533047,
            -0.04607042670249939,
            0.0010747491614893079,
            0.018030699342489243,
            -0.03836692124605179,
            -0.019449492916464806,
            0.0062999483197927475,
            -0.05919971317052841,
            0.011576620861887932,
            0.029944244772195816,
            -0.06926973909139633,
            -0.01100923866033554,
            0.07704058289527893,
            -0.012317718006670475,
            0.0074233016930520535,
            -0.020924920216202736,
            -0.026127716526389122,
            0.054879963397979736,
            0.00793869886547327,
            -0.035150010138750076,
            0.02502969093620777,
            -0.002161748241633177,
            0.019078664481639862,
            0.0461885929107666,
            -0.010210777632892132,
            0.03746120259165764,
            -0.007432818412780762,
            0.00010463976650498807,
            0.011354531161487103,
            0.0016351306112483144,
            -0.04838990792632103,
            0.007229296490550041,
            -0.003612370463088155,
            -0.0074882241897284985,
            -0.03607940673828125,
            -0.006649300456047058,
            -0.0034463864285498857,
            -0.008739346638321877,
            0.04358216002583504,
            0.00628709839656949,
            -0.010752168484032154,
            0.040539029985666275,
            -0.0038215608801692724,
            -0.04932999610900879,
            -0.00831772480159998,
            -0.017739154398441315,
            -0.008045596070587635,
            0.015024502761662006,
            0.04694592207670212,
            -0.029436934739351273,
            -0.027133993804454803,
            -0.003056486137211323,
            -0.06461204588413239,
            0.042053867131471634,
            0.011574339121580124,
            -0.004142063204199076,
            -0.02734287641942501,
            -0.0013913860311731696,
            -0.008199411444365978,
            -0.038252562284469604,
            -0.022387756034731865,
            0.011978461407124996,
            0.06572137027978897,
            -0.03045140765607357,
            -0.017242826521396637,
            0.018177032470703125,
            0.0006521503673866391,
            2.852921454632451e-7,
            0.020819425582885742,
            -0.06661263108253479,
            -0.0005081921117380261,
            0.015857961028814316,
            -0.022910673171281815,
            -0.026686087250709534,
            -0.05590084567666054,
            0.07510776072740555,
            -0.05918101966381073,
            -0.003821692895144224,
            0.044689930975437164,
            -0.06016795337200165,
            0.017560118809342384,
            0.01430317759513855,
            -0.01768595352768898,
            -0.005784579552710056,
            -0.02147321216762066,
            -0.027539614588022232,
            -0.052989646792411804,
            0.0028643296100199223,
            0.017156699672341347,
            0.017558954656124115,
            -0.004906555637717247,
            -0.001082036062143743,
            0.017558615654706955,
            -0.039848025888204575,
            0.03967307135462761,
            -0.16457875072956085,
            -0.0300014428794384,
            -0.06078309565782547,
            0.035792089998722076,
            0.020725615322589874,
            -0.011820237152278423,
            -0.01750115305185318,
            -0.030908852815628052,
            -0.01868356764316559,
            -0.02070639468729496,
            -0.012380294501781464,
            0.03946683183312416,
            0.023412389680743217,
            -0.023858405649662018,
            -0.03666125237941742,
            0.0001961635862244293,
            -0.07450193911790848,
            -0.024519918486475945,
            0.04719563201069832,
            -0.03381377458572388,
            0.02123815007507801,
            0.01608157344162464,
            0.004971540067344904,
            0.019284378737211227,
            0.0034372720401734114,
            0.012430856004357338,
            0.022766219452023506,
            -0.0005132625810801983,
            -0.02077522687613964,
            0.01901939883828163,
            -0.021121907979249954,
            0.03394561633467674,
            -0.030375665053725243,
            -0.06541773676872253,
            -0.03979058191180229,
            -0.03895449638366699,
            0.0648985430598259,
            0.017073331400752068,
            0.06026852875947952,
            0.0041650207713246346,
            3.271331442538827e-34,
            -0.027578074485063553,
            -0.010754687711596489,
            0.026257349178195,
            -0.03235745429992676,
            0.017364535480737686,
            0.03831546753644943,
            0.01438536774367094,
            0.0029661294538527727,
            -0.043380897492170334,
            -0.05535799637436867,
            -0.004917387384921312
          ],
    "k": 10,
    "num_candidates": 100,
    "filter": {
      "match": {
        "content": "DEMAND DOWNWARDS"
      }
    }
  },
  "_source": [
    "_split_id",
    "content"
  ]
}


# Sending the vector (with filter context) in query makes it much faster
GET document/_search
{
  "query": {
    "match": {
      "content": "DEMANDDOWNWARDS"
    }
  },
  "knn": {
    "field": "embedding",
    "query_vector": [
      -0.015318386256694794,
      0.06506327539682388,
      -0.022146351635456085,
      0.019500117748975754,
      0.039422329515218735,
      -0.02387823723256588,
      0.03201254457235336,
      0.0026341951452195644,
      -0.022258466109633446,
      0.02453635260462761,
      0.0439712218940258,
      0.037321917712688446,
      0.027059180662035942,
      0.11178021878004074,
      0.016794195398688316,
      -0.0034592675510793924,
      0.055287644267082214,
      0.001165261142887175,
      -0.03020239621400833,
      0.013023649342358112,
      -0.043203312903642654,
      -0.012447452172636986,
      0.025690170004963875,
      0.014026903547346592,
      0.01850411854684353,
      0.05112694948911667,
      0.009619805961847305,
      -0.03164980188012123,
      -0.030545277521014214,
      -0.0671704038977623,
      0.07204771786928177,
      -0.03029651939868927,
      0.02600562572479248,
      -0.021810879930853844,
      0.0000021691796519007767,
      -0.03415147215127945,
      -0.03926188126206398,
      0.009265411645174026,
      -0.015606241300702095,
      0.09160714596509933,
      -0.012153408490121365,
      -0.024163151159882545,
      -0.026689624413847923,
      0.026896273717284203,
      0.00248833280056715,
      -0.05940822511911392,
      0.037472620606422424,
      -0.02192813716828823,
      -0.030669717118144035,
      0.014946823939681053,
      0.008060847409069538,
      0.019071565940976143,
      -0.05906381830573082,
      -0.019237736240029335,
      0.03032601624727249,
      0.0278474148362875,
      -0.018351159989833832,
      -0.0017189722275361419,
      0.0041807424277067184,
      0.017170129343867302,
      -0.04065627232193947,
      0.011438458226621151,
      0.035271115601062775,
      -0.00915820524096489,
      -0.00614243745803833,
      0.049158863723278046,
      -0.0032485804986208677,
      -0.033251482993364334,
      0.03365448862314224,
      0.023062657564878464,
      0.09634970873594284,
      -0.024614332243800163,
      0.04106663912534714,
      0.017941530793905258,
      -0.03793250024318695,
      -0.03646978363394737,
      -0.01360967569053173,
      -0.008738336153328419,
      -0.00454259617254138,
      -0.00922689400613308,
      0.07636404782533646,
      0.05143658444285393,
      -0.025396795943379402,
      0.030645426362752914,
      -0.03155996650457382,
      0.0007310541113838553,
      0.001959665911272168,
      -0.02117058075964451,
      0.0356319397687912,
      -0.06912095844745636,
      0.006272701546549797,
      -0.04643455892801285,
      0.02090328559279442,
      0.012024179100990295,
      0.010350755415856838,
      -0.009619108401238918,
      0.043452076613903046,
      -0.05235205590724945,
      0.05179445073008537,
      -0.02915196307003498,
      -0.026575198397040367,
      0.06220631301403046,
      -0.043420013040304184,
      0.017275290563702583,
      -0.04681886360049248,
      0.058699168264865875,
      -0.028888607397675514,
      0.014366506598889828,
      -0.003773187519982457,
      0.041517917066812515,
      -0.009978026151657104,
      -0.02157873474061489,
      0.00034178534406237304,
      0.00953235849738121,
      0.0015912108356133103,
      0.034599605947732925,
      0.000580016290768981,
      -0.04203704372048378,
      -0.07943874597549438,
      -0.0024000462144613266,
      0.10024774819612503,
      -0.004713984206318855,
      -0.06060163676738739,
      0.018650099635124207,
      -0.010471667163074017,
      0.12994857132434845,
      -0.07051298767328262,
      0.018880419433116913,
      0.04739668220281601,
      -0.041189514100551605,
      -0.05693627893924713,
      -0.03608698397874832,
      0.03592279180884361,
      -0.03155837580561638,
      0.006689190864562988,
      0.00793566182255745,
      -0.014029259793460369,
      0.019846288487315178,
      0.016527235507965088,
      -0.020642198622226715,
      0.0035218538250774145,
      -0.02355126291513443,
      -0.03739837557077408,
      0.03165576606988907,
      0.0025983243249356747,
      -0.04460080340504646,
      0.05221307650208473,
      0.03184019774198532,
      -0.0008022781112231314,
      0.03823757916688919,
      -0.014452624134719372,
      -0.022562498226761818,
      0.0004137549258302897,
      -0.0017485987627878785,
      -0.0007233991054818034,
      0.032867781817913055,
      0.01625114120543003,
      -0.03545108810067177,
      -0.003108189906924963,
      0.0038689959328621626,
      -0.03580354526638985,
      -0.025268549099564552,
      -0.03161468729376793,
      -0.03322751075029373,
      -0.007602700497955084,
      0.023843055590987206,
      -0.03614411503076553,
      -0.02530110813677311,
      0.001271293149329722,
      -0.03845472261309624,
      0.07621224224567413,
      -0.04931534826755524,
      -0.03145290166139603,
      0.01096340175718069,
      0.07495622336864471,
      -0.029933642596006393,
      -0.04893966019153595,
      -0.026398714631795883,
      0.029606953263282776,
      0.022259734570980072,
      -0.03435580059885979,
      -0.07396449893712997,
      0.011316322721540928,
      -0.030562201514840126,
      -0.0725550502538681,
      0.025615831837058067,
      -0.020108280703425407,
      -0.000860186293721199,
      0.007636426016688347,
      -0.03495878726243973,
      0.04418167844414711,
      0.022857552394270897,
      0.01784725859761238,
      0.02299352176487446,
      0.04293457418680191,
      0.02652144618332386,
      0.04723604768514633,
      0.01562800258398056,
      -0.0216180719435215,
      -0.02371467836201191,
      -0.000300932937534526,
      0.03751986101269722,
      0.0435231551527977,
      -0.03159549459815025,
      -0.01873011514544487,
      -0.016643058508634567,
      -0.024395043030381203,
      0.018815426155924797,
      0.02361263521015644,
      0.01417531818151474,
      -0.003330872394144535,
      0.007526349741965532,
      -0.01468227244913578,
      0.04851992055773735,
      0.005764747504144907,
      -0.005653830245137215,
      -0.010263968259096146,
      -0.02222663164138794,
      -0.032624512910842896,
      0.038684818893671036,
      0.005054011940956116,
      -0.02484152652323246,
      0.029841195791959763,
      0.01909962110221386,
      0.045737896114587784,
      0.023178644478321075,
      -0.0000880854859133251,
      -0.0059194061905145645,
      0.011990769766271114,
      0.002896223682910204,
      0.009738746099174023,
      0.0034687707666307688,
      0.010238852351903915,
      -0.027118941769003868,
      -0.007410048507153988,
      0.0530390739440918,
      0.0919097438454628,
      0.09020182490348816,
      0.01284192968159914,
      -0.0036455688532441854,
      -0.04242050647735596,
      -0.02941719815135002,
      0.03490303084254265,
      -0.022081684321165085,
      -0.03342663496732712,
      0.027034301310777664,
      -0.007722890470176935,
      -0.04511505737900734,
      0.01689719967544079,
      -0.005283819977194071,
      0.0180487260222435,
      0.036010392010211945,
      0.02074911631643772,
      0.006410183850675821,
      0.03952562063932419,
      -0.06150805577635765,
      -0.0738086998462677,
      0.01469482947140932,
      -0.011616786010563374,
      0.067915178835392,
      0.030351951718330383,
      -0.03459549695253372,
      -0.04730745777487755,
      -0.008643683046102524,
      0.05233003571629524,
      -0.07003599405288696,
      0.06293398886919022,
      0.011162206530570984,
      0.035274967551231384,
      -0.022738320752978325,
      0.006147624459117651,
      0.011161092668771744,
      -0.007611407898366451,
      0.0006978632300160825,
      0.021118981763720512,
      0.019805166870355606,
      0.04678547754883766,
      -0.01449846662580967,
      0.012588213197886944,
      0.021630985662341118,
      0.03759896010160446,
      0.0021295573096722364,
      0.019285090267658234,
      0.023008335381746292,
      -0.01712692156434059,
      0.05427545681595802,
      0.025156252086162567,
      -0.013685612939298153,
      -0.014858693815767765,
      -0.01125840563327074,
      0.0202037263661623,
      -0.0023985407315194607,
      -0.04268871247768402,
      -0.04086703062057495,
      -0.07066679000854492,
      -0.023623216897249222,
      -0.05848659947514534,
      -0.0036079715937376022,
      0.022073425352573395,
      0.02824859879910946,
      0.002062248531728983,
      -0.03593219816684723,
      -0.06831374019384384,
      0.04248810186982155,
      -0.0014342039357870817,
      0.07098150998353958,
      0.018759336322546005,
      -0.030805537477135658,
      0.013739409856498241,
      0.02580292709171772,
      -0.0011392958695068955,
      0.036294180899858475,
      0.04638378322124481,
      0.026248520240187645,
      -0.027462612837553024,
      -0.03986401855945587,
      -0.04666583985090256,
      0.013421562500298023,
      0.022704249247908592,
      0.06767664849758148,
      0.03058473952114582,
      -0.035597000271081924,
      -0.04439198225736618,
      -0.005535617005079985,
      -0.026659628376364708,
      0.026283925399184227,
      -0.04032786190509796,
      0.00013404559285845608,
      -0.00764942541718483,
      -0.007809103466570377,
      -0.023951636627316475,
      0.017491711303591728,
      0.008962160907685757,
      0.025946710258722305,
      0.058805279433727264,
      -0.07508855313062668,
      0.007580571807920933,
      -0.03332060948014259,
      -0.02110757678747177,
      -0.004289331845939159,
      -0.0617336705327034,
      -0.006416508462280035,
      0.013884901069104671,
      -0.07248765975236893,
      0.0328274741768837,
      -0.003093905048444867,
      0.039955805987119675,
      -0.023344876244664192,
      0.015442190691828728,
      0.019408443942666054,
      0.03527901694178581,
      0.0018211387796327472,
      -0.011394365690648556,
      -0.004857948515564203,
      0.008035429753363132,
      -0.02023073472082615,
      -0.062258828431367874,
      -0.034657321870326996,
      -0.06696873158216476,
      -0.015081886202096939,
      -0.006500476039946079,
      -0.01666121557354927,
      -0.048129621893167496,
      -0.020988399162888527,
      0.025691887363791466,
      0.10853900015354156,
      -0.018599824979901314,
      0.006463479250669479,
      0.043980006128549576,
      -0.026187874376773834,
      0.006149435415863991,
      -0.013715148903429508,
      -0.03207077458500862,
      0.007153717800974846,
      -0.032556433230638504,
      0.03086395375430584,
      0.009985127486288548,
      0.010386458598077297,
      0.02494615875184536,
      0.010421354323625565,
      0.04835818335413933,
      -0.02636413462460041,
      0.07403507083654404,
      0.006671259179711342,
      -0.029133591800928116,
      -0.06828654557466507,
      -0.06512490659952164,
      -0.12122176587581635,
      -0.07804515212774277,
      0.005009537562727928,
      -0.02059123106300831,
      -0.00817343033850193,
      -0.029036113992333412,
      -0.0023569047916680574,
      0.012668638490140438,
      -0.049700599163770676,
      -0.027357039973139763,
      -0.01514965109527111,
      -0.0014303731732070446,
      0.03930481895804405,
      0.035925183445215225,
      -0.09462358802556992,
      0.018765762448310852,
      0.0031559914350509644,
      0.014625770971179008,
      -0.017780575901269913,
      -0.02869764342904091,
      -0.004349829163402319,
      -0.048849474638700485,
      -0.03664224222302437,
      0.020296575501561165,
      -0.04662913829088211,
      -0.022203441709280014,
      -0.0022876316215842962,
      0.026123186573386192,
      0.039881449192762375,
      -0.04177771881222725,
      0.04938743636012077,
      -0.014565445482730865,
      -0.006403451785445213,
      -0.030244208872318268,
      0.032063078135252,
      0.016864962875843048,
      0.021407531574368477,
      -0.03402666002511978,
      0.06122821569442749,
      0.025395289063453674,
      0.008932161144912243,
      -0.026779809966683388,
      0.029226627200841904,
      -0.001734981662593782,
      -0.01657741889357567,
      -0.031101373955607414,
      -0.052097856998443604,
      -0.08368797600269318,
      0.07909829169511795,
      0.037714388221502304,
      -0.05156761407852173,
      -0.06615877151489258,
      0.015125810168683529,
      -0.007536434568464756,
      0.043875183910131454,
      0.0415986031293869,
      0.006313811056315899,
      0.01752515509724617,
      0.057011865079402924,
      0.02105308324098587,
      0.062454450875520706,
      -0.02174169383943081,
      -0.013276990503072739,
      0.008509477600455284,
      -0.008529238402843475,
      -0.017505165189504623,
      0.010589736513793468,
      0.0488751195371151,
      -0.005517966113984585,
      0.003937341272830963,
      -0.08757499605417252,
      -0.01662927120923996,
      -0.002404450671747327,
      0.016055617481470108,
      0.03217151015996933,
      -0.031711697578430176,
      0.014426270499825478,
      0.040389418601989746,
      -0.007086488418281078,
      0.053829338401556015,
      0.05289744585752487,
      0.0009382041171193123,
      0.013264796696603298,
      -0.05954154580831528,
      0.015063023194670677,
      -0.028513839468359947,
      0.06880757957696915,
      0.005780383944511414,
      0.025028230622410774,
      0.038273777812719345,
      -0.0156779233366251,
      -0.019164159893989563,
      0.036865636706352234,
      -0.0018525621853768826,
      0.0005576308467425406,
      0.011440478265285492,
      -0.00170041189994663,
      -0.008976107463240623,
      0.024846402928233147,
      0.03154817596077919,
      -0.020225992426276207,
      -0.018115250393748283,
      -0.04193662479519844,
      0.006418017204850912,
      0.0130363954231143,
      0.0067570749670267105,
      0.09261663258075714,
      0.05457980930805206,
      0.03410625457763672,
      0.023783475160598755,
      0.02257595770061016,
      -0.028746336698532104,
      0.03948206827044487,
      -0.028846589848399162,
      0.03724004700779915,
      0.032429080456495285,
      -0.07309502363204956,
      0.03782273828983307,
      0.06014643609523773,
      0.02595268189907074,
      0.02481819875538349,
      0.004734842572361231,
      -0.006037615705281496,
      0.018130481243133545,
      0.04788661748170853,
      -0.005468645133078098,
      -0.023160245269536972,
      0.006175118498504162,
      0.00046253783511929214,
      -0.048546213656663895,
      -0.05810999125242233,
      -0.009038034826517105,
      0.0029319257009774446,
      0.00350337871350348,
      0.010509642772376537,
      0.07598964869976044,
      -0.04102828726172447,
      0.026457980275154114,
      -0.023594459518790245,
      -0.01818021573126316,
      -0.014708947390317917,
      -0.006388528272509575,
      0.047148022800683975,
      -0.0006424239836633205,
      -0.042487725615501404,
      0.023442652076482773,
      0.04995306208729744,
      -0.026463594287633896,
      0.01875307783484459,
      0.022397901862859726,
      -0.048527393490076065,
      0.042197514325380325,
      -0.012933331541717052,
      0.0022193347103893757,
      -0.04710812866687775,
      0.025305747985839844,
      -0.00039226654917001724,
      0.00346938893198967,
      0.021923767402768135,
      -0.05365253984928131,
      -0.06182050332427025,
      0.005363808013498783,
      0.026461154222488403,
      0.05851804465055466,
      -0.05531946197152138,
      -0.04995907470583916,
      0.0059412033297121525,
      -0.004902366548776627,
      -6.490727891619394e-33,
      -0.04534241557121277,
      -0.06142238900065422,
      -0.009106741286814213,
      0.009949840605258942,
      -0.04644063487648964,
      0.061469752341508865,
      -0.029151545837521553,
      -0.04120948538184166,
      -0.03699066489934921,
      -0.0010525655234232545,
      -0.06296303868293762,
      -0.02609235607087612,
      0.024298790842294693,
      0.00547513272613287,
      0.055149246007204056,
      -0.0001540540106361732,
      -0.004425243940204382,
      0.032072149217128754,
      0.005625263322144747,
      -0.048801496624946594,
      0.024794820696115494,
      0.013806305825710297,
      0.05799425393342972,
      0.06997933238744736,
      0.07304719090461731,
      0.0575563982129097,
      -0.05428668111562729,
      -0.02337673306465149,
      0.05578868091106415,
      -0.018325364217162132,
      0.006524812430143356,
      0.015419759787619114,
      0.05469851568341255,
      -0.02803010679781437,
      -0.06325878947973251,
      -0.0239003524184227,
      -0.002684644889086485,
      -0.07129661738872528,
      -0.023536441847682,
      -0.03894206881523132,
      0.02291102521121502,
      -0.028432732447981834,
      0.011652239598333836,
      0.04257868230342865,
      0.015701478347182274,
      -0.0003426132898312062,
      0.006693886127322912,
      -0.020278770476579666,
      -0.02306852675974369,
      0.020127125084400177,
      0.025793230161070824,
      -0.028751235455274582,
      -0.026196690276265144,
      0.11130663007497787,
      -0.0341043546795845,
      0.13962598145008087,
      -0.0059247370809316635,
      0.04548263922333717,
      -0.005316390190273523,
      -0.006948767229914665,
      0.03289036452770233,
      0.04646415635943413,
      0.01217079721391201,
      -0.012165436521172523,
      0.011695566587150097,
      -0.010221398435533047,
      -0.04607042670249939,
      0.0010747491614893079,
      0.018030699342489243,
      -0.03836692124605179,
      -0.019449492916464806,
      0.0062999483197927475,
      -0.05919971317052841,
      0.011576620861887932,
      0.029944244772195816,
      -0.06926973909139633,
      -0.01100923866033554,
      0.07704058289527893,
      -0.012317718006670475,
      0.0074233016930520535,
      -0.020924920216202736,
      -0.026127716526389122,
      0.054879963397979736,
      0.00793869886547327,
      -0.035150010138750076,
      0.02502969093620777,
      -0.002161748241633177,
      0.019078664481639862,
      0.0461885929107666,
      -0.010210777632892132,
      0.03746120259165764,
      -0.007432818412780762,
      0.00010463976650498807,
      0.011354531161487103,
      0.0016351306112483144,
      -0.04838990792632103,
      0.007229296490550041,
      -0.003612370463088155,
      -0.0074882241897284985,
      -0.03607940673828125,
      -0.006649300456047058,
      -0.0034463864285498857,
      -0.008739346638321877,
      0.04358216002583504,
      0.00628709839656949,
      -0.010752168484032154,
      0.040539029985666275,
      -0.0038215608801692724,
      -0.04932999610900879,
      -0.00831772480159998,
      -0.017739154398441315,
      -0.008045596070587635,
      0.015024502761662006,
      0.04694592207670212,
      -0.029436934739351273,
      -0.027133993804454803,
      -0.003056486137211323,
      -0.06461204588413239,
      0.042053867131471634,
      0.011574339121580124,
      -0.004142063204199076,
      -0.02734287641942501,
      -0.0013913860311731696,
      -0.008199411444365978,
      -0.038252562284469604,
      -0.022387756034731865,
      0.011978461407124996,
      0.06572137027978897,
      -0.03045140765607357,
      -0.017242826521396637,
      0.018177032470703125,
      0.0006521503673866391,
      2.852921454632451e-7,
      0.020819425582885742,
      -0.06661263108253479,
      -0.0005081921117380261,
      0.015857961028814316,
      -0.022910673171281815,
      -0.026686087250709534,
      -0.05590084567666054,
      0.07510776072740555,
      -0.05918101966381073,
      -0.003821692895144224,
      0.044689930975437164,
      -0.06016795337200165,
      0.017560118809342384,
      0.01430317759513855,
      -0.01768595352768898,
      -0.005784579552710056,
      -0.02147321216762066,
      -0.027539614588022232,
      -0.052989646792411804,
      0.0028643296100199223,
      0.017156699672341347,
      0.017558954656124115,
      -0.004906555637717247,
      -0.001082036062143743,
      0.017558615654706955,
      -0.039848025888204575,
      0.03967307135462761,
      -0.16457875072956085,
      -0.0300014428794384,
      -0.06078309565782547,
      0.035792089998722076,
      0.020725615322589874,
      -0.011820237152278423,
      -0.01750115305185318,
      -0.030908852815628052,
      -0.01868356764316559,
      -0.02070639468729496,
      -0.012380294501781464,
      0.03946683183312416,
      0.023412389680743217,
      -0.023858405649662018,
      -0.03666125237941742,
      0.0001961635862244293,
      -0.07450193911790848,
      -0.024519918486475945,
      0.04719563201069832,
      -0.03381377458572388,
      0.02123815007507801,
      0.01608157344162464,
      0.004971540067344904,
      0.019284378737211227,
      0.0034372720401734114,
      0.012430856004357338,
      0.022766219452023506,
      -0.0005132625810801983,
      -0.02077522687613964,
      0.01901939883828163,
      -0.021121907979249954,
      0.03394561633467674,
      -0.030375665053725243,
      -0.06541773676872253,
      -0.03979058191180229,
      -0.03895449638366699,
      0.0648985430598259,
      0.017073331400752068,
      0.06026852875947952,
      0.0041650207713246346,
      3.271331442538827e-34,
      -0.027578074485063553,
      -0.010754687711596489,
      0.026257349178195,
      -0.03235745429992676,
      0.017364535480737686,
      0.03831546753644943,
      0.01438536774367094,
      0.0029661294538527727,
      -0.043380897492170334,
      -0.05535799637436867,
      -0.004917387384921312
    ],
    "k": 10,
    "num_candidates": 100
  },
  "_source": [
    "_split_id"
  ]
}